bleu
384
384
385
384
387
384
389
384
391
385
393
385
395
386
397
387
399
388
401
389
402
390
404
392
405
393
407
395
408
397
409
399
411
400
412
403
413
405
413
407
414
409
415
412
415
414
415
417
416
419
416
422
416
424
415
427
415
430
414
433
414
435
413
438
412
441
410
444
409
447
407
449
406
452
404
455
402
457
400
460
397
462
395
465
392
467
389
469
387
471
384
474
380
475
377
477
373
479
370
481
366
482
362
483
358
484
354
485
350
486
346
487
342
487
337
488
333
488
328
488
324
487
319
487
314
486
309
485
305
484
300
483
295
482
290
480
286
478
281
476
276
473
272
471
267
468
262
465
258
462
254
459
249
455
245
451
241
447
237
443
233
438
229
434
226
429
222
424
219
418
216
413
213
407
210
402
208
396
206
390
204
384
202
377
200
371
199
364
197
357
196
351
196
344
195
337
195
329
195
322
196
315
196
308
197
301
198
293
200
286
202
279
204
271
206
264
209
257
212
249
215
242
219
235
222
228
227
221
231
214
236
207
241
201
246
194
252
188
257
182
263
176
270
170
277
164
283
159
291
154
298
149
306
144
313
139
322
135
330
131
338
127
347
124
356
121
365
118
374
116
383
114
393
112
403
110
412
109
422
108
432
108
442
108
452
108
462
109
472
110
483
111
493
113
503
115
513
117
523
120
534
124
544
127
553
131
563
136
573
141
583
146
592
152
602
158
611
164
620
171
629
178
637
185
646
193
654
201
662
210
669
218
677
228
684
237
690
247
697
257
703
267
709
278
714
289
719
300
724
311
728
323
732
335
736
346
739
359
741
371
744
383
745
396
747
409
747
422
748
435
748
448
747
461
746
474
745
487
743
500
741
513
738
527
734
540
730
553
726
566
721
578
716
591
710
604
704
616
697
629
690
641
682
652
674
664
666
676
657
687
647
698
637
708
627
718
616
728
605
738
593
747
582
756
569
765
69
759
54
749
40
739
27
728
13
717
0
705
-11
693
-23
680
-35
666
-46
653
-57
638
-68
624
-77
609
-87
593
-96
578
-104
561
-112
545
-119
528
-126
511
-132
493
-137
476
-142
458
-147
439
-150
421
-153
402
-156
384
-157
365
rouge
383
383
381
383
379
383
377
383
375
382
373
381
371
381
369
380
367
379
366
377
364
376
362
375
361
373
359
371
358
369
357
368
356
366
355
363
354
361
353
359
353
357
352
354
352
352
351
349
351
347
351
344
352
341
352
338
352
336
353
333
354
330
355
327
356
325
357
322
359
319
360
316
362
314
364
311
366
308
368
306
371
303
373
301
376
299
379
297
382
295
385
293
388
291
392
289
395
287
399
286
403
284
407
283
411
282
415
281
419
280
423
280
428
279
432
279
437
279
441
279
446
280
450
280
455
281
460
282
465
283
469
285
474
286
479
288
484
290
488
292
493
295
498
297
502
300
507
303
511
307
516
310
520
314
524
318
528
322
532
327
536
331
539
336
543
341
546
346
549
351
552
357
555
362
558
368
560
374
562
380
564
387
566
393
568
400
569
406
570
413
571
420
572
427
572
434
572
441
572
448
571
456
570
463
569
470
568
477
566
485
564
492
562
500
560
507
557
514
554
521
550
528
547
536
543
543
538
550
534
556
529
563
524
570
518
576
513
582
507
588
500
594
494
600
487
606
480
611
473
616
465
621
457
625
449
630
441
634
433
638
424
641
416
645
407
647
397
650
388
652
379
654
369
656
360
657
350
658
340
659
330
659
320
659
310
659
300
658
289
657
279
655
269
653
259
651
249
648
239
645
228
642
218
638
209
633
199
629
189
624
179
618
170
612
161
606
152
600
143
593
134
586
126
578
117
570
109
562
101
553
94
544
87
535
80
525
73
515
67
505
61
495
55
484
50
473
45
462
41
450
37
438
33
427
30
414
27
402
25
390
23
377
21
365
20
352
19
339
19
326
19
313
20
300
21
286
23
273
25
260
28
247
31
234
35
221
39
208
43
195
48
182
54
169
60
157
66
145
73
132
81
120
89
109
97
97
106
86
115
75
125
64
135
54
145
44
156
34
168
24
179
15
191
7
204
-1
217
-9
230
-16
243
-23
257
-30
271
-36
285
-41
300
-46
315
-51
330
-55
345
-59
360
-62
376
-64
391
-66
407
-68
423
-69
439
-69
455
-69
471
-68
488
-67
504
-65
520
-62
536
-59
552
-55
568
-51
584
-46
600
-41
616
-34
631
-28
647
-21
662
-13
677
-4
691
3
706
13
720
23
734
33
747
45
760
56
